13422	0.19054
13423	0.23196
13424	0.24577
13425	0.20388
13426	0.18317
13427	0.17627
13428	0.16799
13429	0.16062
13430	0.15878
13431	0.16753
13432	0.16062
13433	0.17029
13434	0.20342
13435	0.20112
13436	0.20250
13437	0.22413
13438	0.23058
13439	0.21125
13440	0.20480
13441	0.18501
13442	0.18778
13443	0.18179
13444	0.17627
13445	0.18732
13446	0.18962
13447	0.20619
13448	0.22137
13449	0.25589
13450	0.25267
13451	0.21677
13452	0.20434
13453	0.19744
13454	0.19054
13455	0.19146
13456	0.19100
13457	0.18317
13458	0.19974
13594	0.93888
13595	0.87905
13596	0.90666
13597	0.92507
13598	0.85604
13599	0.74558
13600	0.74558
13601	0.91587
13602	1.12758
13603	1.20582
13604	1.15979
13605	1.18741
13606	1.40372
13607	2.06185
13608	2.58652
13609	2.86266
13610	2.95471
13611	2.92710
13612	3.11119
13613	3.42875
13614	3.10659
13615	2.57732
13616	2.17231
13617	2.25515
13618	2.66936
13619	2.48987
13620	2.13549
13621	1.91918
13622	1.70287
13623	1.49576
13624	1.35309
13625	1.27945
13626	1.24724
13627	1.27025
13628	1.56480
13629	2.57732
13630	3.89359
13631	4.92452
13632	5.56885
13633	5.38475
13634	5.01657
13635	5.47680
13636	6.90353
13637	8.23821
13638	9.06664
13639	8.88254
13640	8.28424
13641	7.08762
13642	5.93704
13643	4.83247
13644	3.93041
13645	3.53921
13646	3.52540
13647	3.78313
13648	4.92452
13649	6.48932
13650	7.96207
13651	8.28424
13652	8.05412
13653	8.42231
13654	8.97459
13655	9.38880
13656	9.84904
13657	10.21722
13658	10.86155
13659	12.19624
13660	13.11671
13661	13.80706
13662	13.76104
13663	13.76104
13664	13.43887
13665	13.20875
13666	12.42635
13667	11.59793
13668	10.17120
13669	8.79049
13670	8.23821
13671	8.23821
13672	8.65242
13673	9.06664
13674	8.74447
13675	8.19219
13676	7.77798
13677	7.17967
13678	6.44329
13679	5.61487
13680	4.87849
13681	4.36763
13682	3.94882
13683	3.55762
13684	3.17562
13685	2.84425
13686	2.53129
13687	2.36561
13688	2.14470
13689	1.93759
13690	1.81793
13691	1.67526
13692	1.56020
13693	1.40832
13694	1.30247
13695	1.16900
13696	1.08155
13697	1.30707
13698	1.22883
13699	1.64304
13700	1.38531
13701	1.04934
13702	0.97110
13703	0.94348
13704	0.89286
13705	0.84223
13706	0.74558
13707	0.77320
13708	0.76859
13709	0.67655
13710	0.74098
13711	0.75018
13712	0.58450
13713	0.56149
13714	0.81001
13715	0.88825
13716	0.61672
13717	0.54768
13718	0.48785
13719	0.44321
13720	0.43400
13721	0.35898
13722	0.34149
13723	0.32907
13724	0.58450
13725	0.56609
13726	0.39442
13727	0.33321
13728	0.31802
13729	0.29179
13730	0.34057
13731	0.30468
13732	0.25865
13733	0.22413
13734	0.21033
13735	0.19008
13736	0.17259
13737	0.16799
13738	0.17305
13739	0.15142
13740	0.12656
13741	0.12472
13742	0.14774
13743	0.15924
13744	0.15326
13745	0.14129
13746	0.14912
13747	0.14083
13748	0.15786
13749	0.13807
13750	0.12887
13751	0.12150
13752	0.11414
13753	0.11506
13754	0.10862
13755	0.10954
13756	0.10908
13757	0.11644
13758	0.16108
13759	0.16430
13760	0.13025
13761	0.21447
13762	0.30790
13763	0.18455
13764	0.20342
13765	0.21171
13766	0.18087
13767	0.15464
13768	0.14820
13769	0.11276
13770	0.11000
13771	0.11782
13772	0.11000
13773	0.10677
13774	0.10908
13775	0.19928
13776	0.19468
13777	0.27614
13778	0.30560
13779	0.26464
13780	0.23426
13781	0.19652
13782	0.22736
13783	0.23932
13784	0.23748
13785	0.24438
13786	0.25819
13787	0.27200
13788	0.25681
13789	0.25313
13790	0.25129
13791	0.23978
13792	0.22275
13793	0.23472
13794	0.22782
13795	0.23012
13796	0.22920
13797	0.24116
13798	0.27338
13799	0.24715
13800	0.25865
13801	0.23012
13802	0.26003
13803	0.20711
13804	0.21033
13805	0.21033
13806	0.21263
13807	0.22552
13808	0.28719
13809	0.25451
13810	0.24669
13811	0.24116
13812	0.26141
13813	0.25451
13814	0.26279
13815	0.25543
13816	0.23886
13817	0.21217
13818	0.24116
13819	0.24438
13820	0.23012
13821	0.23518
13822	0.23012
13823	0.21217
13960	0.30652
13961	0.36497
13962	0.37877
13963	0.30422
13964	0.30698
13965	0.32309
13966	0.60751
13967	0.97570
13968	0.72717
13969	0.64893
13970	0.74098
13971	0.88365
13972	0.77320
13973	0.59831
13974	0.57529
13975	0.69035
13976	0.72717
13977	0.77320
13978	0.81462
13979	0.92047
13980	0.74558
13981	0.81001
13982	1.18280
13983	1.68906
13984	1.75350
13985	2.10328
13986	2.35640
13987	2.54970
13988	2.85346
13989	2.86266
13990	2.62334
13991	2.15850
13992	1.85475
13993	1.73969
13994	2.18612
13995	2.89028
13996	3.41034
13997	4.17894
13998	4.83247
13999	5.29271
14000	5.79897
14001	5.56885
14002	5.47680
14003	5.52282
14004	5.24668
14005	5.15464
14006	5.24668
14007	4.83247
14008	4.28019
14009	3.94882
14010	3.66808
14011	3.68649
14012	3.64506
14013	3.65427
14014	3.74171
14015	3.62205
14016	3.41034
14017	3.17102
14018	2.87187
14019	2.69238
14020	2.53590
14021	2.33339
14022	2.09867
14023	1.96520
14024	1.79952
14025	1.64304
14026	1.50037
14027	1.36230
14028	1.24264
14029	1.11837
14030	0.99871
14031	0.89746
14032	0.81922
14033	0.74558
14034	0.68115
14035	0.62592
14036	0.62132
14037	1.13678
14038	0.97570
14039	0.71336
14040	0.60751
14041	0.55228
14042	0.52007
14043	0.48325
14044	0.44367
14045	0.41191
14046	0.36773
14047	0.33827
14048	0.32355
14049	0.27246
14050	0.19836
14051	0.17673
14052	0.17719
14053	0.18225
14054	0.16430
14055	0.16983
14056	0.16799
14057	0.17167
14058	0.31480
14059	0.26878
14060	0.19836
14061	0.21493
14062	0.19192
14063	0.17397
14064	0.15050
14065	0.14267
14066	0.15602
14067	0.15832
14068	0.12841
14069	0.10539
14070	0.09987
14071	0.09573
14072	0.08238
14073	0.08837
14074	0.07640
14075	0.10263
14076	0.08376
14077	0.06351
14078	0.07870
14079	0.10585
14080	0.07410
14081	0.06305
14082	0.06075
14083	0.05247
14084	0.06535
14085	0.07410
14086	0.07226
14087	0.05477
14088	0.04188
14089	0.03728
14090	0.03636
14091	0.04188
14092	0.03958
14093	0.03314
14094	0.02853
14095	0.02761
14096	0.02577
14097	0.04510
14098	0.08514
14099	0.07318
14100	0.05937
14101	0.04556
14102	0.06535
14103	0.10355
14104	0.09389
14105	0.06305
14106	0.04556
14107	0.05201
14108	0.08376
14109	0.04740
14110	0.03958
14111	0.03130
14112	0.03820
14113	0.03222
14114	0.03176
14115	0.03636
14116	0.03590
14117	0.10954
14118	0.09895
14119	0.04971
14120	0.04372
14121	0.04602
14122	0.03728
14123	0.03590
14124	0.05431
14125	0.07824
14126	0.07778
14127	0.08100
14128	0.07594
14129	0.08514
14130	0.07916
14131	0.13393
14132	0.16983
14133	0.10539
14134	0.10401
14135	0.09987
14136	0.12242
14137	0.13761
14138	0.14405
14139	0.13393
14140	0.13577
14141	0.13071
14142	0.13899
14143	0.14866
14144	0.24623
14145	0.37555
14146	0.20020
14147	0.17075
14148	0.17259
14149	0.15832
14150	0.18087
14151	0.17811
14152	0.23104
14153	0.21907
14154	0.21953
14155	0.24208
14156	0.23978
14157	0.29271
14158	0.35668
14159	0.19238
14160	0.21723
14161	0.21309
14162	0.22229
14163	0.21723
14164	0.24024
14165	0.29915
14166	0.30698
14167	0.26832
14168	0.22782
14169	0.21171
14170	0.21125
14171	0.20158
14172	0.21677
14173	0.19882
14174	0.19146
14175	0.18409
14176	0.21355
14177	0.23978
14178	0.32769
14179	0.30376
14180	0.26740
14181	0.24945
14182	0.19468
14183	0.23104
14184	0.27568
14185	0.23794
14186	0.20342
14187	0.24346
14188	0.24853
14325	0.24300
14326	0.26786
14327	0.28535
14328	0.28350
14329	0.32355
14330	0.35116
14331	0.40869
14332	0.49245
14333	0.58910
14334	0.63512
14335	0.55688
14336	0.50626
14337	0.48325
14338	0.48785
14339	0.57529
14340	0.75479
14341	0.92507
14342	1.23343
14343	1.60162
14344	2.21373
14345	2.10328
14346	1.90537
14347	2.30578
14348	2.83505
14349	3.13420
14350	3.61285
14351	4.64838
14352	4.87849
14353	4.16513
14354	3.41034
14355	2.76141
14356	2.14930
14357	1.92839
14358	1.98361
14359	2.22754
14360	2.74300
14361	3.16642
14362	3.08818
14363	2.67857
14364	2.31959
14365	2.19532
14366	2.48987
14367	3.30449
14368	4.21115
14369	5.24668
14370	6.30522
14371	6.67341
14372	5.10861
14373	4.00405
14374	3.38273
14375	2.94551
14376	2.60033
14377	2.38402
14378	2.27816
14379	2.34720
14380	2.61874
14381	2.79823
14382	2.70618
14383	2.55891
14384	2.77062
14385	3.22165
14386	4.47349
14387	6.35125
14388	7.77798
14389	8.56038
14390	9.38880
14391	11.64395
14392	13.43887
14393	15.46391
14394	15.60198
14395	14.17525
14396	13.66899
14397	14.45139
14398	15.92414
14399	17.12075
14400	16.89064
14401	15.78607
14402	14.95765
14403	14.12922
14404	14.63548
14405	15.23379
14406	14.17525
14407	12.33431
14408	10.12518
14409	9.15868
14410	9.20471
14411	9.71097
14412	10.72348
14413	11.78202
14414	12.65647
14415	12.65647
14416	12.51840
14417	11.59793
14418	10.72348
14419	9.80301
14420	8.79049
14421	7.91605
14422	7.04160
14423	6.58137
14424	5.79897
14425	5.15464
14426	4.64838
14427	4.21576
14428	3.78313
14429	3.34591
14430	3.02835
14431	2.76141
14432	2.55431
14433	2.27816
14434	2.05265
14435	1.91918
14436	1.75350
14437	1.57400
14438	1.44514
14439	1.34849
14440	1.33468
14441	1.21042
14442	1.23803
14443	1.26104
14444	1.00792
14445	0.98030
14446	1.03553
14447	0.93888
14448	0.86064
14449	0.79160
14450	0.83303
14451	0.82382
14452	0.69035
14453	0.64893
14454	0.64433
14455	0.60291
14456	0.57529
14457	0.65353
14458	0.59831
14459	0.51546
14460	0.46024
14461	0.44275
14462	0.42250
14463	0.39948
14464	0.38430
14465	0.34794
14466	0.32032
14467	0.29731
14468	0.29271
14469	0.28581
14470	0.27706
14471	0.26141
14472	0.25129
14473	0.24070
14474	0.21585
14475	0.21355
14476	0.21631
14477	0.20296
14478	0.19836
14479	0.18547
14480	0.18363
14481	0.18547
14482	0.19008
14483	0.18732
14484	0.18317
14485	0.18594
14486	0.18870
14487	0.17581
14488	0.17489
14489	0.17627
14490	0.18732
14491	0.18547
14492	0.18041
14493	0.19100
14494	0.20526
14495	0.19376
14496	0.18179
14497	0.18225
14498	0.17857
14499	0.18179
14500	0.18179
14501	0.17811
14502	0.17489
14503	0.17121
14504	0.17443
14505	0.17443
14506	0.17397
14507	0.17351
14508	0.16661
14509	0.17351
14510	0.17719
14511	0.18594
14512	0.18179
14513	0.17811
14514	0.19008
14515	0.20849
14516	0.20066
14517	0.21815
14518	0.22229
14519	0.22598
14520	0.24254
14521	0.18363
14522	0.18225
14523	0.17489
14524	0.17305
14525	0.23012
14526	0.18640
14527	0.20665
14528	0.24853
14529	0.18041
14530	0.17903
14531	0.19330
14532	0.22828
14533	0.30053
14534	0.23748
14535	0.18778
14536	0.22459
14537	0.21953
14538	0.19652
14539	0.29501
14540	0.29639
14541	0.32631
14542	0.30514
14543	0.25865
14544	0.24070
14545	0.22413
14546	0.20849
14547	0.20711
14548	0.20112
14549	0.19744
14550	0.16845
14551	0.19054
14552	0.17443
14553	0.17029
14690	0.19698
14691	0.19652
14692	0.18870
14693	0.19330
14694	0.20480
14695	0.25037
14696	0.32907
14697	0.40179
14698	0.48325
14699	0.54768
14700	0.59370
14701	0.60751
14702	0.49705
14703	0.38292
14704	0.35576
14705	0.31894
14706	0.29087
14707	0.30053
14708	0.32999
14709	0.31664
14710	0.35346
14711	0.45563
14712	0.56149
14713	0.58910
14714	0.69035
14715	0.98951
14716	1.37610
14717	1.96060
14718	2.39322
14719	2.81204
14720	3.32290
14721	3.66347
14722	3.87058
14723	4.11450
14724	3.78774
14725	3.44256
14726	3.33210
14727	3.27688
14728	3.27688
14729	3.39654
14730	3.60364
14731	4.11450
14732	4.40445
14733	4.51491
14734	4.34462
14735	4.31241
14736	5.10861
14737	6.76546
14738	7.45581
14739	7.54786
14740	6.67341
14741	6.12113
14742	5.61487
14743	5.06259
14744	4.64838
14745	4.55633
14746	5.15464
14747	6.25920
14748	7.63991
14749	8.42231
14750	8.88254
14751	8.00809
14752	7.59388
14753	6.90353
14754	6.21318
14755	5.52282
14756	7.27172
14757	5.70692
14758	4.40445
14759	4.00405
14760	3.58063
14761	2.97312
14762	2.60033
14763	2.45305
14764	2.41163
14765	2.14009
14766	1.95140
14767	1.74889
14768	1.59702
14769	1.46815
14770	1.30707
14771	1.17360
14772	1.07235
14773	0.97570
14774	0.88825
14775	0.85144
14776	0.77320
14777	0.65814
14778	0.62132
14779	0.56609
14780	0.51546
14781	0.47404
14782	0.44367
14783	0.42066
14784	0.41375
14785	0.37739
14786	0.29777
14787	0.23012
14788	0.21125
14789	0.20020
14790	0.21309
14791	0.20020
14792	0.19790
14793	0.23012
14794	0.25083
14795	0.23518
14796	0.22137
14797	0.20066
14798	0.17811
14799	0.16707
14800	0.15924
14801	0.13853
14802	0.13807
14803	0.15050
14804	0.18455
14805	0.20757
14806	0.22736
14807	0.21953
14808	0.14313
14809	0.12472
14810	0.11460
14811	0.10493
14812	0.11138
14813	0.12288
14814	0.11828
14815	0.09895
14816	0.10677
14817	0.09527
14818	0.09573
14819	0.10447
14820	0.13071
14821	0.12472
14822	0.12196
14823	0.11184
14824	0.10493
14825	0.09527
14826	0.08422
14827	0.08054
14828	0.08054
14829	0.08698
14830	0.07318
14831	0.07640
14832	0.06719
14833	0.05891
14834	0.06213
14835	0.06167
14836	0.07364
14837	0.09527
14838	0.08284
14839	0.08054
14840	0.12564
14841	0.13715
14842	0.13761
14843	0.12472
14844	0.09757
14845	0.07456
14846	0.06673
14847	0.05753
14848	0.05431
14849	0.06351
14850	0.11782
14851	0.19008
14852	0.18962
14853	0.17995
14854	0.16753
14855	0.15188
14856	0.13531
14857	0.12012
14858	0.11230
14859	0.10355
14860	0.10723
14861	0.10263
14862	0.09297
14863	0.09251
14864	0.09159
14865	0.09527
14866	0.08975
14867	0.08514
14868	0.08146
14869	0.07410
14870	0.07134
14871	0.07916
14872	0.08606
14873	0.09435
14874	0.08929
14875	0.08284
14876	0.09067
14877	0.08330
14878	0.08100
14879	0.08238
14880	0.08560
14881	0.08652
14882	0.08790
14883	0.09021
14884	0.09389
14885	0.09021
14886	0.08790
14887	0.08192
14888	0.07824
14889	0.07824
14890	0.07594
14891	0.07318
14892	0.06996
14893	0.07134
14894	0.07686
14895	0.06996
14896	0.06259
14897	0.07686
14898	0.09389
14899	0.08100
14900	0.08192
14901	0.09021
14902	0.08790
14903	0.07686
14904	0.07042
14905	0.06443
14906	0.06858
14907	0.07042
14908	0.07042
14909	0.06581
14910	0.07088
14911	0.08468
14912	0.08054
14913	0.07318
14914	0.05983
14915	0.06443
14916	0.05937
14917	0.06765
14918	0.06121
15055	0.20987
15056	0.29501
15057	0.35530
15058	0.42526
15059	0.51546
15060	0.68115
15061	0.71797
15062	0.75939
15063	0.82842
15064	0.83763
15065	0.92047
15066	0.98030
15067	0.98490
15068	0.87905
15069	0.87905
15070	0.77320
15071	0.75018
15072	0.69956
15073	0.74098
15074	0.75939
15075	0.68575
15076	0.67194
15077	0.63512
15078	0.57990
15079	0.75479
15080	0.96649
15081	0.95729
15082	0.86984
15083	1.06314
15084	1.69827
15085	2.32879
15086	2.61874
15087	2.37942
15088	1.83174
15089	1.56940
15090	1.69367
15091	2.21833
15092	2.55891
15093	2.39322
15094	2.00202
15095	1.69367
15096	1.56940
15097	1.72588
15098	2.13089
15099	2.57732
15100	2.89488
15101	2.82584
15102	2.65556
15103	2.99153
15104	3.44716
15105	3.32290
15106	3.53001
15107	3.67268
15108	3.53461
15109	3.49779
15110	3.27227
15111	3.29989
15112	3.46097
15113	3.51160
15114	3.47938
15115	3.38733
15116	3.21704
15117	3.15721
15118	3.33671
15119	3.63126
15120	3.72791
15121	3.53461
15122	3.22165
15123	2.87187
15124	2.54510
15125	2.23214
15126	1.95140
15127	1.71208
15128	1.51417
15129	1.34389
15130	1.24264
15131	1.15519
15132	1.04934
15133	0.98951
15134	0.97110
15135	0.86984
15136	0.74098
15137	0.65814
15138	0.61672
15139	0.96189
15140	0.86984
15141	0.73177
15142	0.59831
15143	0.59831
15144	0.63052
15145	0.62132
15146	0.54768
15147	0.44643
15148	0.39396
15149	0.33045
15150	0.33505
15151	0.45011
15152	0.29133
15153	0.22091
15154	0.24945
15155	0.24392
15156	0.23840
15157	0.20941
15158	0.31342
15159	0.55688
15160	0.41513
15161	0.35806
15162	0.33137
15163	0.23978
15164	0.19238
15165	0.19882
15166	0.23840
15167	0.11460
15168	0.11460
15169	0.10263
15170	0.11322
15171	0.17351
15172	0.13163
15173	0.13117
15174	0.14451
15175	0.45333
15176	0.44137
15177	0.47404
15178	0.38522
15179	0.32355
15180	0.27614
15181	0.21171
15182	0.17765
15183	0.16246
15184	0.15096
15185	0.13071
15186	0.11690
15187	0.10447
15188	0.09849
15189	0.09803
15190	0.08975
15191	0.08514
15192	0.10079
15193	0.07824
15194	0.06213
15195	0.16108
15196	0.20296
15197	0.12472
15198	0.10723
15199	0.09251
15200	0.08100
15201	0.07318
15202	0.08146
15203	0.08929
15204	0.07686
15205	0.06489
15206	0.06029
15207	0.06627
15208	0.12288
15209	0.16753
15210	0.12841
15211	0.10631
15212	0.09113
15213	0.08146
15214	0.08146
15215	0.07548
15216	0.06950
15217	0.06673
15218	0.06811
15219	0.06765
15220	0.07134
15221	0.07962
15222	0.09205
15223	0.07962
15224	0.08790
15225	0.08975
15226	0.12196
15227	0.11736
15228	0.11046
15229	0.10447
15230	0.10309
15231	0.09481
15232	0.07134
15233	0.07778
15234	0.07272
15235	0.12841
15236	0.32677
15237	0.18409
15238	0.15418
15239	0.17213
15240	0.13209
15241	0.11184
15242	0.10033
15243	0.10217
15244	0.10770
15245	0.10631
15246	0.39672
15247	0.21769
15248	0.15188
15249	0.13393
15250	0.13899
15251	0.12702
15252	0.13945
15253	0.13945
15254	0.15924
15255	0.19146
15256	0.23196
15257	0.17903
15258	0.16845
15259	0.15234
15260	0.14497
15261	0.19146
15262	0.17489
15263	0.20296
15264	0.17121
15265	0.19054
15266	0.17857
15267	0.20296
15268	0.19146
15269	0.21585
15270	0.25221
15271	0.22782
15272	0.20665
15273	0.21263
15274	0.19928
15275	0.20526
15276	0.16614
15277	0.17029
15278	0.19192
15279	0.18732
15280	0.17029
15281	0.19974
15282	0.20987
15283	0.21539
15420	0.48325
15421	0.45609
15422	0.45978
15423	0.44597
15424	0.44505
15425	0.46484
15426	0.47864
15427	0.50626
15428	0.68115
15429	0.85604
15430	0.79160
15431	0.70416
15432	0.64893
15433	0.57069
15434	0.43308
15435	0.41099
15436	0.41329
15437	0.59370
15438	0.98490
15439	1.98822
15440	3.10199
15441	3.61285
15442	3.02375
15443	2.32879
15444	1.80412
15445	1.61082
15446	1.59241
15447	1.67986
15448	2.00663
15449	2.24595
15450	2.76601
15451	2.83505
15452	2.63715
15453	2.52669
15454	2.85806
15455	4.07308
15456	5.61487
15457	7.40979
15458	8.05412
15459	8.05412
15460	8.65242
15461	8.69845
15462	7.82400
15463	8.00809
15464	9.61892
15465	9.98711
15466	10.07915
15467	10.58541
15468	11.41384
15469	11.27577
15470	9.11266
15471	7.17967
15472	6.25920
15473	5.89101
15474	5.84499
15475	6.62739
15476	7.91605
15477	8.79049
15478	8.42231
15479	7.50184
15480	6.25920
15481	5.79897
15482	6.02908
15483	6.16715
15484	6.12113
15485	6.30522
15486	6.62739
15487	6.94955
15488	6.81148
15489	6.62739
15490	6.39727
15491	6.07511
15492	5.66089
15493	5.06259
15494	4.45508
15495	3.85217
15496	3.33671
15497	3.03755
15498	3.23085
15499	3.43336
15500	2.69698
15501	2.28277
15502	2.03424
15503	1.90998
15504	1.76270
15505	1.56940
15506	1.73509
15507	1.61082
15508	1.32088
15509	1.18280
15510	1.21962
15511	1.11377
15512	1.04473
15513	1.04013
15514	0.91127
15515	0.91587
15516	0.90666
15517	0.87905
15518	0.72717
15519	0.63973
15520	0.59370
15521	0.57529
15522	0.50626
15523	0.49245
15524	0.47864
15525	0.48325
15526	0.46024
15527	0.40179
15528	0.39350
15529	0.35760
15530	0.27614
15531	0.26602
15532	0.32216
15533	0.31526
15534	0.53387
15535	0.51086
15536	0.40040
15537	0.35806
15538	0.41007
15539	0.40823
15540	0.40271
15541	0.36221
15542	0.44873
15543	0.52007
15544	0.37141
15545	0.32907
15546	0.30283
15547	0.29961
15548	0.26924
15549	0.22736
15550	0.18455
15551	0.19054
15552	0.26371
15553	0.28995
15554	0.22598
15555	0.19054
15556	0.18870
15557	0.23886
15558	0.32170
15559	0.29915
15560	0.24070
15561	0.26279
15562	0.21999
15563	0.21079
15564	0.19560
15565	0.19284
15566	0.24392
15567	0.42342
15568	0.32401
15569	0.22275
15570	0.20066
15571	0.16246
15572	0.14774
15573	0.13715
15574	0.12334
15575	0.11690
15576	0.10631
15577	0.10401
15578	0.09803
15579	0.09343
15580	0.08606
15581	0.08192
15582	0.06996
15583	0.07088
15584	0.07226
15585	0.07778
15586	0.10033
15587	0.15602
15588	0.11322
15589	0.09619
15590	0.08975
15591	0.08883
15592	0.08192
15593	0.10401
15594	0.21493
15595	0.15556
15596	0.11230
15597	0.10770
15598	0.11092
15599	0.10631
15600	0.10631
15601	0.11276
15602	0.12887
15603	0.24761
15604	0.28857
15605	0.36727
15606	0.23150
15607	0.18133
15608	0.16707
15609	0.16154
15610	0.14866
15611	0.14267
15612	0.14175
