2.978126041666666524e+01
2.912178124999999795e+01
2.925826041666666555e+01
2.964555208333333525e+01
2.972310416666666555e+01
2.959937499999999844e+01
2.976713541666666529e+01
3.040869791666666799e+01
2.982160416666667047e+01
3.001758333333333439e+01
2.946089583333333550e+01
2.950359374999999673e+01
2.952009374999999736e+01
2.961522916666666916e+01
2.931093750000000142e+01
2.884057291666666956e+01
2.833880208333333428e+01
2.777357291666666939e+01
2.830965625000000330e+01
2.818913541666666589e+01
2.824855208333333323e+01
2.744437499999999730e+01
2.668630208333333087e+01
2.649494791666666416e+01
2.650787500000000207e+01
2.627015624999999943e+01
2.634110416666666410e+01
2.615580208333333090e+01
2.698075000000000401e+01
2.690422916666666353e+01
2.663963541666666757e+01
2.672169791666666328e+01
2.622031249999999858e+01
2.567413541666666532e+01
2.523078125000000327e+01
2.470994791666666757e+01
2.466232291666666754e+01
2.473923958333333317e+01
2.425018750000000267e+01
2.404615624999999568e+01
2.365721875000000196e+01
2.320920833333333633e+01
2.381863541666666606e+01
2.401153125000000088e+01
2.386097916666666663e+01
2.339886458333333152e+01
2.319573958333333152e+01
2.292231250000000031e+01
2.283913541666666447e+01
2.232059375000000045e+01
2.206501041666666652e+01
2.184326041666666995e+01
2.197571875000000219e+01
2.289919791666666526e+01
2.323794791666666626e+01
2.335604166666666259e+01
2.311313541666666538e+01
2.273218750000000199e+01
2.240677083333333286e+01
2.191072916666666615e+01
2.194322916666666856e+01
2.137802083333333414e+01
2.085947916666666657e+01
1.956125000000000114e+01
1.917833333333333101e+01
1.974822916666666828e+01
1.999687500000000284e+01
1.785989583333333286e+01
1.393770833333333314e+01
1.446135416666666451e+01
1.581354166666666750e+01
1.479447916666666707e+01
1.550468750000000107e+01
1.744156249999999986e+01
1.741697916666666757e+01
1.576437499999999936e+01
1.434531250000000036e+01
1.333072916666666607e+01
1.244000000000000128e+01
1.167875000000000085e+01
1.086822916666666750e+01
1.019697916666666693e+01
9.574166666666668490e+00
9.156041666666668633e+00
1.038041666666667062e+01
1.150833333333333286e+01
3.200471875000000210e+01
3.133624999999999972e+01
3.117641666666666467e+01
3.154082291666667004e+01
3.169063541666666595e+01
3.161106249999999918e+01
3.156281249999999972e+01
3.213105208333333707e+01
3.160911458333333712e+01
3.175708333333333400e+01
3.117989583333333670e+01
3.121153124999999662e+01
3.128223958333333243e+01
3.160808333333333664e+01
3.160951041666666939e+01
3.146264583333333675e+01
3.119301041666666663e+01
3.080226041666666958e+01
3.120180208333333738e+01
3.115190624999999969e+01
3.142697916666666558e+01
3.082399999999999807e+01
3.018935416666666427e+01
3.000905208333333007e+01
3.033918750000000486e+01
3.037116666666666376e+01
3.061564583333333189e+01
3.052103125000000006e+01
3.132271875000000350e+01
3.134979166666666472e+01
3.136278125000000117e+01
3.160103124999999480e+01
3.149358333333333348e+01
3.102079166666666765e+01
3.058576041666666967e+01
3.012604166666666572e+01
3.019652083333333437e+01
3.036954166666666666e+01
3.009895833333333570e+01
2.982544791666666484e+01
2.944201041666666896e+01
2.889076041666666939e+01
2.932448958333333522e+01
2.946616666666666973e+01
2.945777083333333479e+01
2.922701041666666555e+01
2.921097916666666805e+01
2.904767708333333331e+01
2.912720833333333204e+01
2.875871874999999989e+01
2.847234375000000028e+01
2.813787500000000108e+01
2.788675000000000281e+01
2.863388541666666498e+01
2.903303125000000051e+01
2.938355208333333124e+01
2.934512500000000301e+01
2.903575000000000017e+01
2.894244791666666572e+01
2.887198958333333465e+01
2.895107291666666782e+01
2.882404166666666612e+01
2.840836458333333425e+01
2.718420833333333420e+01
2.721337499999999920e+01
2.837395833333333428e+01
2.851681250000000034e+01
2.633753125000000139e+01
2.255005208333333400e+01
2.340024999999999977e+01
2.471551041666666748e+01
2.390619791666666671e+01
2.494135416666666671e+01
2.698605208333333394e+01
2.681165625000000219e+01
2.524260416666666629e+01
2.396797916666666595e+01
2.293159375000000111e+01
2.220701041666666953e+01
2.159523958333333482e+01
2.116488541666666734e+01
2.074212500000000148e+01
2.067517708333333815e+01
2.103702083333333661e+01
2.121157291666666822e+01
2.075810416666666569e+01
1.281187499999999702e+01
1.143249999999999744e+01
1.140135416666666401e+01
1.146479166666667027e+01
1.217895833333333400e+01
1.242645833333333272e+01
1.135114583333333016e+01
1.140885416666666785e+01
1.166072916666666970e+01
1.140520833333333428e+01
1.203145833333333670e+01
1.154583333333333073e+01
1.208791666666666487e+01
1.244416666666667126e+01
1.338937500000000114e+01
1.391031250000000341e+01
1.385187499999999972e+01
1.403989583333333613e+01
1.180229166666667240e+01
1.250291666666666757e+01
1.355156249999999929e+01
1.345968749999999758e+01
1.239124999999999943e+01
1.277770833333333300e+01
1.423635416666667197e+01
1.328906249999999645e+01
1.483354166666666529e+01
1.112958333333333272e+01
1.335208333333333641e+01
1.478885416666666330e+01
1.518927083333333528e+01
1.627958333333332774e+01
1.705541666666666600e+01
1.749208333333333343e+01
1.752645833333333769e+01
1.625750000000000028e+01
1.647427083333333542e+01
1.789593750000000227e+01
1.762166666666666970e+01
1.638656249999999659e+01
1.456958333333333577e+01
1.299020833333333691e+01
1.322364583333333421e+01
1.293177083333333499e+01
1.359572916666666842e+01
1.537416666666666565e+01
1.572604166666666714e+01
1.692593749999999631e+01
1.823427083333332988e+01
1.920093750000000199e+01
1.928020833333333428e+01
1.926572916666666657e+01
1.645812500000000256e+01
1.330468750000000000e+01
1.426489583333333400e+01
1.495999999999999730e+01
1.546281250000000185e+01
1.547614583333333371e+01
1.548729166666666757e+01
1.522604166666666536e+01
1.528218750000000270e+01
1.424749999999999872e+01
1.316062499999999957e+01
1.172666666666666657e+01
1.060510416666666345e+01
1.139520833333333627e+01
1.179218750000000071e+01
1.114354166666666757e+01
8.615520833333331296e+00
1.004552083333333456e+01
1.108281249999999929e+01
9.932500000000000995e+00
1.035135416666666686e+01
1.153770833333333456e+01
1.230750000000000099e+01
1.091781250000000014e+01
1.005645833333333172e+01
9.840833333333334210e+00
9.183854166666666430e+00
8.672187499999999716e+00
8.071250000000000924e+00
7.296770833333333428e+00
6.157812500000002132e+00
6.571770833333335560e+00
6.909479166666670835e+00
7.022916666666667140e+00
